status,xa1,xa2,xb1,xb2,xc1,xc2,xd1,xd2
pause,218,398,128,493,98,524,58,580
pause,218,398,129,493,99,524,47,580
pause,218,398,129,492,99,535,46,594
pause,219,402,130,492,100,523,48,580
pause,220,398,130,492,100,523,48,594
pause,219,397,130,492,100,534,48,594
pause,220,398,130,502,100,535,47,593
pause,220,396,130,492,100,534,48,593
pause,220,396,130,492,100,522,48,593
pause,220,401,130,492,100,523,47,593
pause,220,397,130,502,100,522,58,593
pause,220,396,130,502,100,522,58,593
pause,220,400,130,492,100,534,48,593
pause,220,396,139,502,100,522,48,580
pause,220,396,131,492,100,522,58,593
pause,220,402,130,492,100,534,48,580
pause,220,402,130,492,100,524,48,580
pause,220,398,130,492,100,524,48,580
pause,220,398,130,493,100,524,58,580
pause,220,398,130,493,100,524,58,580
pause,220,398,130,493,100,524,58,580
pause,221,398,131,503,101,524,48,594
pause,224,398,132,503,101,524,59,580
straight,221,403,131,504,101,524,48,595
straight,220,399,131,494,101,524,59,594
straight,221,399,132,504,101,524,59,594
straight,221,399,132,493,102,524,49,580
straight,207,399,144,482,115,511,69,582
straight,236,641,170,468,131,509,73,573
straight,235,641,162,481,124,514,72,579
straight,213,393,150,488,119,518,54,581
straight,211,416,124,504,94,533,45,602
straight,189,410,126,498,104,527,41,595
straight,223,399,131,491,101,520,43,578
straight,221,402,127,493,97,522,39,578
straight,218,403,126,493,97,522,49,578
straight,218,402,126,492,96,522,39,591
straight,218,406,126,492,96,533,48,576
straight,218,402,126,490,95,531,38,574
straight,219,402,134,490,95,531,38,574
straight,218,406,124,490,94,520,46,588
straight,220,405,126,489,95,518,37,586
straight,222,564,126,488,94,516,46,571
straight,221,563,126,499,95,518,46,586
straight,223,641,134,488,95,529,45,571
straight,223,641,124,486,94,516,34,585
straight,220,641,122,488,92,530,32,586
straight,220,641,122,486,100,516,41,583
straight,223,641,124,484,92,512,32,581
straight,223,641,124,484,91,512,32,582
straight,221,641,121,486,97,512,39,567
straight,222,641,122,484,90,510,30,579
straight,224,641,123,482,90,508,31,576
straight,223,641,121,482,89,508,29,562
straight,220,641,119,483,88,509,27,574
straight,223,641,122,482,90,508,38,573
straight,224,641,122,482,90,510,35,573
straight,223,641,120,484,88,512,26,560
straight,224,641,121,484,88,510,27,573
straight,226,641,123,482,90,521,39,558
straight,226,641,122,483,90,510,28,560
straight,226,641,128,485,87,522,36,560
straight,227,641,122,482,90,508,38,558
straight,228,641,124,491,91,507,29,558
straight,226,641,120,485,88,522,25,560
straight,222,641,118,486,86,512,25,560
straight,201,641,126,490,95,517,33,556
straight,199,641,130,486,98,514,35,566
straight,192,641,128,479,96,517,34,556
straight,199,641,125,482,93,508,31,571
straight,195,641,122,484,91,510,29,559
straight,182,641,123,486,92,509,31,558
straight,183,641,124,494,92,520,39,558
straight,184,641,123,641,90,510,29,559
straight,182,641,124,641,89,508,38,570
straight,174,641,125,641,89,513,28,571
straight,167,641,124,641,87,557,27,571
straight,164,641,124,641,89,513,36,558
straight,178,641,128,641,91,641,28,570
straight,186,641,131,641,94,641,38,568
straight,183,641,131,641,94,641,37,567
straight,182,641,131,641,94,641,25,558
straight,177,641,129,641,92,641,23,619
straight,179,641,130,641,93,641,26,641
straight,173,641,132,641,95,641,36,641
straight,176,641,133,641,97,641,28,641
straight,186,641,134,641,99,641,29,641
straight,180,641,134,641,100,641,30,641
straight,188,641,138,641,104,641,34,641
straight,186,641,136,641,103,641,34,641
straight,178,641,133,641,100,641,32,641
straight,180,641,133,641,100,641,34,641
straight,182,641,133,641,101,641,46,641
right,178,641,130,641,98,641,34,641
right,181,641,128,584,97,641,34,641
right,175,344,120,466,94,641,31,641
right,173,641,75,467,90,641,38,641
right,156,641,37,641,80,641,20,641
right,127,641,23,628,62,641,1,641
right,101,641,2,516,170,641,-1,641
right,69,641,-1,454,216,641,-1,641
right,-1,641,-1,416,236,641,-1,641
right,-1,641,-1,400,254,641,3,641
right,-1,641,-1,376,252,641,37,641
right,-1,641,-1,355,277,641,79,641
right,-1,641,-1,329,235,641,93,641
right,-1,641,310,331,236,641,104,641
right,-1,641,294,320,228,641,94,641
right,-1,641,294,641,212,641,112,641
right,-1,641,252,641,199,633,115,641
straight,-1,384,222,587,174,599,85,624
straight,319,344,217,547,152,554,71,587
straight,319,365,165,511,126,555,52,579
straight,267,394,154,483,117,500,45,534
straight,-1,641,160,482,124,500,51,532
straight,-1,641,154,641,120,498,49,532
straight,-1,641,153,641,120,496,50,530
straight,-1,641,154,641,121,492,53,530
straight,-1,641,148,641,116,496,50,530
straight,-1,641,149,641,115,641,50,532
straight,-1,641,154,641,118,641,53,528
straight,-1,641,150,641,114,641,51,528
straight,-1,641,150,641,115,641,51,524
straight,-1,641,151,641,116,641,50,523
straight,-1,641,144,641,110,641,58,641
straight,-1,641,141,641,107,641,41,641
straight,-1,641,140,641,105,641,38,641
straight,-1,641,138,641,104,641,38,641
straight,-1,641,134,641,101,641,36,641
straight,-1,641,136,641,102,641,38,641
straight,-1,641,133,641,100,641,35,641
straight,-1,641,126,641,94,641,31,641
straight,-1,641,124,641,93,641,30,641
right,-1,641,123,449,92,641,29,641
right,-1,641,119,423,87,641,26,641
right,-1,641,-1,641,81,641,33,641
right,-1,641,-1,641,86,641,25,641
right,-1,641,-1,641,317,321,0,641
right,-1,641,-1,577,267,352,-1,641
right,-1,641,-1,488,298,351,-1,641
right,-1,641,-1,440,299,334,65,641
right,-1,641,-1,414,300,332,120,641
right,-1,641,-1,389,299,333,124,641
right,-1,641,-1,353,277,641,129,641
right,-1,641,-1,329,263,641,137,641
right,-1,635,303,332,245,641,135,641
right,-1,428,303,529,224,641,127,641
right,-1,384,272,525,199,641,112,641
right,-1,361,243,511,174,641,98,641
right,302,320,187,521,176,641,79,641
right,290,641,183,501,152,641,60,641
right,191,641,155,641,98,641,37,641
right,150,535,106,320,63,641,8,641
right,128,493,240,351,38,641,0,641
right,144,459,306,361,121,641,-1,641
right,161,639,19,325,127,641,-1,641
right,130,614,-1,641,160,641,-1,641
right,132,593,-1,641,178,641,-1,641
straight,313,620,-1,639,183,641,12,641
straight,-1,566,-1,615,183,641,40,641
straight,-1,527,-1,595,-1,641,32,641
straight,-1,480,-1,552,-1,641,74,641
straight,76,391,-1,527,-1,641,64,641
straight,66,437,-1,512,-1,641,72,641
straight,51,373,-1,495,-1,636,-1,641
straight,308,356,-1,447,-1,593,-1,641
straight,1,347,-1,433,-1,574,-1,641
straight,311,343,-1,432,-1,567,-1,641
straight,275,322,-1,359,-1,522,-1,641
straight,285,320,319,323,-1,450,-1,641
straight,243,320,297,328,-1,453,-1,641
left,239,320,256,641,-1,407,-1,616
left,230,320,256,641,-1,370,-1,565
left,211,320,225,641,297,337,-1,509
left,195,320,178,641,277,641,-1,468
left,270,320,228,641,314,320,-1,455
left,279,320,8,641,296,320,-1,440
left,314,320,10,641,315,339,-1,442
left,31,369,12,641,-1,355,-1,448
left,149,348,28,320,-1,348,-1,448
left,-1,422,22,345,-1,389,-1,479
left,230,456,32,350,-1,411,-1,473
left,282,486,-1,376,-1,433,-1,506
left,303,512,-1,420,-1,438,-1,506
left,-1,554,-1,436,-1,467,-1,545
left,95,598,-1,471,-1,502,-1,565
left,-1,626,-1,507,-1,536,-1,588
left,-1,639,-1,464,-1,569,-1,620
left,188,641,-1,380,-1,599,-1,639
left,157,641,-1,355,-1,565,-1,641
left,242,641,-1,354,-1,553,-1,641
straight,289,571,-1,354,-1,486,-1,641
straight,307,572,2,378,-1,478,-1,641
straight,-1,345,1,641,-1,475,-1,641
straight,-1,613,10,641,-1,487,-1,636
straight,311,618,39,641,-1,448,-1,602
straight,317,621,39,641,-1,641,-1,584
straight,317,625,44,641,-1,641,-1,557
straight,318,630,53,641,-1,641,-1,564
straight,-1,638,99,641,0,641,-1,494
straight,-1,419,94,641,8,641,-1,496
straight,-1,423,107,641,7,641,-1,641
straight,-1,424,116,641,21,641,-1,641
straight,-1,447,138,641,38,641,-1,641
straight,-1,448,172,641,81,641,-1,641
straight,-1,474,174,639,81,641,-1,641
straight,-1,484,186,627,92,641,-1,641
straight,-1,488,204,626,110,641,-1,641
straight,-1,511,232,579,139,641,-1,641
straight,-1,509,242,585,151,641,0,641
right,-1,527,270,537,184,641,42,641
right,-1,525,281,525,201,636,41,641
right,-1,529,295,505,217,617,91,641
right,-1,534,184,322,229,600,79,641
right,-1,483,282,503,217,592,110,641
right,-1,439,264,428,207,569,93,641
right,-1,396,239,381,187,554,86,641
right,-1,361,216,338,185,540,76,641
right,318,325,266,330,148,523,63,641
right,121,444,241,641,125,641,49,641
right,260,393,144,641,107,641,36,641
right,201,351,118,641,244,641,6,641
right,307,322,82,641,191,343,-1,641
right,274,639,42,641,287,353,-1,641
right,226,615,5,641,310,332,8,641
right,209,586,-1,639,-1,641,73,641
right,-1,544,-1,611,-1,641,128,641
right,-1,533,-1,600,-1,641,111,641
straight,-1,497,-1,565,-1,641,131,641
straight,-1,412,-1,546,-1,641,136,641
straight,-1,478,-1,529,-1,641,-1,641
straight,-1,433,-1,505,-1,641,-1,641
straight,317,381,-1,464,-1,628,-1,641
straight,313,330,-1,426,-1,608,-1,641
straight,306,320,-1,390,-1,548,-1,641
left,310,326,-1,392,-1,545,-1,641
left,301,320,-1,359,-1,472,-1,641
left,303,331,314,342,-1,476,-1,641
left,308,320,291,320,-1,409,-1,641
left,292,336,298,320,-1,398,-1,614
left,296,342,306,327,-1,394,-1,574
left,317,390,0,348,-1,406,-1,562
left,-1,424,-1,349,-1,420,-1,556
left,-1,445,0,363,-1,427,-1,550
left,207,422,-1,380,-1,440,-1,550
left,245,437,-1,414,-1,453,-1,557
left,130,500,-1,422,-1,469,-1,580
left,167,523,-1,446,-1,502,-1,581
straight,190,556,-1,475,-1,523,-1,610
straight,224,576,-1,494,-1,538,-1,627
straight,240,602,-1,530,-1,562,-1,638
straight,280,637,-1,543,-1,580,-1,641
straight,281,424,-1,541,-1,580,-1,641
left,284,426,253,559,-1,582,-1,641
left,280,431,216,334,-1,586,-1,641
left,276,435,214,552,-1,588,-1,641
left,273,434,214,552,-1,587,-1,641
left,131,470,226,588,317,626,-1,641
left,319,332,258,600,277,342,-1,641
left,206,361,291,320,284,325,-1,639
left,246,561,0,328,315,320,-1,574
left,280,532,12,365,-1,351,-1,517
left,319,516,36,413,-1,384,-1,484
left,81,342,46,460,-1,429,-1,470
left,119,396,64,514,-1,483,-1,464
left,149,412,55,575,-1,545,-1,484
left,174,487,71,639,-1,623,-1,550
right,-1,641,85,641,-1,641,-1,637
right,254,641,137,641,-1,641,-1,641
right,-1,641,103,641,0,641,-1,641
right,319,326,201,641,10,641,-1,641
right,293,320,199,641,0,641,-1,641
right,243,641,211,641,75,641,-1,641
right,227,641,216,641,86,641,-1,641
straight,199,641,214,641,104,641,-1,641
straight,-1,641,212,641,116,641,-1,641
straight,-1,450,218,641,112,641,-1,639
straight,-1,449,202,639,125,639,-1,632
straight,-1,444,205,641,131,641,0,639
straight,-1,438,210,641,138,641,13,641
straight,-1,440,221,641,153,641,36,641
straight,-1,453,256,641,171,641,38,641
right,-1,453,248,641,181,641,75,641
right,-1,456,260,641,195,641,72,641
right,-1,449,262,641,202,641,83,641
right,-1,450,268,641,210,641,95,641
right,-1,418,253,639,200,641,95,641
right,-1,641,254,616,178,638,86,641
straight,-1,641,226,563,158,583,90,622
straight,-1,641,172,533,133,559,72,591
straight,-1,641,169,492,130,513,56,575
straight,246,641,132,468,96,492,27,541
straight,239,641,128,480,92,490,24,555
straight,237,641,126,464,90,488,22,537
straight,233,641,126,475,88,487,20,534
straight,235,641,125,471,88,484,20,532
straight,230,641,121,458,85,484,16,530
straight,228,641,120,456,83,496,15,528
straight,226,320,118,454,82,493,14,525
straight,316,329,115,452,79,476,10,540
straight,-1,417,114,447,78,472,9,520
straight,210,321,103,449,68,488,1,521
straight,308,344,105,456,70,466,4,513
straight,-1,641,107,436,73,460,5,508
straight,-1,641,101,434,67,458,1,522
straight,-1,641,99,430,65,454,13,518
straight,-1,641,97,428,62,452,10,500
straight,-1,641,93,428,57,452,5,497
straight,-1,641,88,429,52,452,0,498
straight,-1,641,88,641,52,451,0,496
straight,-1,641,88,641,52,449,0,509
straight,-1,641,86,641,50,449,-1,492
straight,-1,641,81,641,45,461,-1,494
straight,-1,641,82,641,45,641,-1,491
straight,-1,641,79,641,42,641,-1,490
straight,-1,641,80,641,43,641,-1,488
straight,-1,641,83,641,46,641,-1,491
straight,-1,641,81,641,43,641,-1,641
straight,-1,641,75,641,38,641,-1,641
straight,-1,641,70,641,32,641,-1,641
straight,-1,641,70,641,33,641,-1,641
straight,-1,641,69,641,32,641,-1,641
straight,-1,641,68,641,31,641,-1,641
right,-1,641,65,641,28,641,-1,641
right,-1,641,65,641,28,641,-1,641
right,-1,641,66,641,28,641,-1,641
right,-1,641,290,322,23,641,-1,641
right,-1,641,272,411,12,641,-1,641
right,-1,641,312,387,63,641,-1,641
right,-1,641,-1,336,102,641,-1,641
right,-1,641,319,322,154,641,-1,641
right,-1,641,319,320,188,641,-1,641
right,-1,641,305,329,198,641,22,641
right,-1,641,286,641,196,641,50,641
right,-1,613,266,641,188,641,41,641
right,-1,544,251,641,178,641,50,641
right,-1,510,228,641,169,641,53,641
right,-1,616,208,641,152,638,45,641
right,-1,546,184,641,129,606,35,622
straight,-1,492,168,641,133,552,45,583
straight,318,448,144,641,95,518,13,552
straight,315,400,100,641,67,484,0,522
straight,288,376,93,641,57,467,0,507
straight,277,589,93,641,53,464,-1,504
straight,279,363,91,641,48,459,-1,499
straight,292,364,87,641,47,641,-1,513
straight,280,362,86,641,50,641,-1,507
straight,306,364,80,641,43,641,-1,487
straight,274,362,69,641,33,641,-1,485
straight,264,362,68,641,32,641,-1,488
straight,248,354,70,641,33,641,-1,641
straight,254,352,63,641,26,641,-1,641
straight,319,358,64,641,28,641,-1,641
straight,232,355,64,641,25,641,-1,641
straight,262,352,59,641,20,641,-1,641
straight,276,347,57,641,18,641,-1,641
right,308,345,52,641,17,641,-1,641
right,312,355,-1,641,10,641,-1,641
right,309,356,-1,641,4,641,-1,641
right,247,364,213,641,-1,641,-1,641
right,319,370,275,641,-1,641,-1,641
right,307,370,263,320,79,641,-1,641
right,311,402,294,320,161,641,-1,641
right,308,356,312,320,187,641,-1,641
right,310,344,278,320,172,641,-1,641
right,304,340,271,641,180,641,11,641
right,302,322,258,641,179,641,33,641
right,292,459,227,641,161,641,-1,641
right,273,439,216,641,145,641,-1,641
right,250,385,204,641,158,641,-1,641
right,313,370,185,638,126,639,-1,641
straight,317,350,165,605,116,619,-1,634
straight,308,331,176,577,104,589,3,613
straight,284,322,161,551,110,569,-1,589
straight,287,475,154,525,107,542,0,575
straight,285,470,146,512,109,530,0,572
straight,286,462,146,510,110,528,24,571
straight,242,463,145,512,102,530,-1,574
straight,268,460,144,520,95,526,0,558
straight,276,453,150,504,100,520,24,556
straight,246,452,146,505,96,522,22,573
straight,260,452,130,506,91,534,21,560
straight,260,448,142,514,102,532,25,572
straight,257,444,141,502,93,531,21,557
straight,258,443,140,509,101,527,26,554
straight,257,433,131,494,90,512,26,548
straight,248,430,136,492,97,510,15,561
straight,245,430,126,489,86,508,24,544
straight,243,424,134,496,96,504,19,542
straight,241,418,131,494,83,515,21,555
straight,236,417,120,491,92,500,8,538
straight,234,412,125,490,88,512,16,538
straight,230,410,115,476,80,498,18,552
straight,228,411,123,474,88,496,6,534
straight,226,405,123,468,77,504,6,532
straight,224,397,110,464,72,488,13,543
straight,218,394,115,460,71,484,12,540
straight,217,389,113,466,78,491,1,522
straight,212,386,109,453,74,488,7,520
straight,209,387,97,461,72,485,6,517
straight,191,377,96,444,69,468,0,514
straight,199,383,85,444,51,466,0,526
straight,197,371,86,436,60,460,-1,506
straight,198,371,83,454,49,456,-1,502
straight,194,362,81,428,46,463,-1,497
straight,190,359,78,424,42,459,-1,506
straight,188,356,76,420,41,443,-1,488
straight,188,353,76,428,40,427,-1,483
straight,188,349,74,414,38,449,-1,480
straight,187,352,74,423,37,434,-1,491
straight,186,346,72,420,35,443,-1,473
straight,185,345,71,408,34,428,-1,470
left,186,344,70,406,33,439,-1,468
straight,187,343,71,404,34,436,-1,453
straight,186,342,70,402,33,422,-1,464
straight,185,342,76,413,32,422,-1,462
straight,185,349,67,422,30,440,-1,484
straight,167,356,77,425,32,431,-1,485
straight,188,361,70,425,32,432,-1,485
straight,188,359,70,414,33,434,-1,470
straight,190,358,70,425,32,444,-1,468
straight,184,364,65,425,27,432,-1,484
straight,186,364,66,412,29,430,-1,466
straight,187,357,67,410,29,428,-1,463
left,189,356,69,420,30,428,-1,463
left,156,366,63,410,24,428,-1,464
left,183,356,63,420,24,425,-1,476
left,187,356,65,406,27,424,-1,460
straight,193,366,69,422,31,435,-1,476
straight,165,393,93,441,53,452,-1,485
straight,190,414,111,460,66,487,-1,505
straight,246,442,114,486,71,496,0,524
straight,262,436,124,484,81,498,8,529
straight,254,445,121,500,78,518,6,548
straight,253,444,121,492,80,509,9,536
straight,257,442,125,492,85,521,14,552
straight,256,442,125,492,85,510,15,554
straight,259,444,129,491,88,522,9,540
straight,257,440,129,492,87,523,19,556
straight,255,440,129,493,85,512,10,547
straight,255,444,130,493,88,512,12,548
straight,255,442,131,492,89,524,23,563
straight,256,436,132,501,91,510,15,549
straight,261,433,136,488,97,510,23,548
straight,233,437,134,501,103,524,24,552
straight,249,437,129,494,90,514,13,567
straight,248,433,128,492,90,525,14,552
straight,246,432,128,502,90,523,26,552
straight,250,426,132,498,94,519,20,563
straight,250,424,130,488,92,519,20,550
straight,239,432,124,501,86,510,16,552
straight,239,431,125,490,88,522,27,552
straight,241,426,127,486,90,519,30,564
straight,239,420,135,486,89,508,29,562
straight,246,416,130,494,92,504,23,546
straight,240,414,126,545,90,504,21,559
straight,242,412,125,470,89,514,30,558
straight,234,411,122,492,86,514,18,558
straight,231,410,117,480,84,513,16,558
straight,232,411,119,476,86,498,19,555
straight,233,408,127,485,84,483,17,554
straight,237,402,120,472,95,508,19,538
straight,235,401,118,472,83,496,17,540
straight,228,405,117,482,81,507,17,538
straight,228,401,116,468,80,492,17,551
straight,225,395,114,478,78,503,14,536
straight,225,393,112,476,76,501,11,534
straight,219,395,108,464,72,500,17,518
straight,213,391,105,462,69,486,11,548
straight,213,389,101,472,65,484,3,546
straight,206,388,99,471,65,495,6,543
straight,208,382,100,466,65,478,7,540
straight,204,387,95,466,61,478,3,539
straight,204,386,94,465,60,489,3,538
straight,206,379,95,461,60,473,3,519
straight,201,380,93,458,59,484,1,531
straight,202,373,101,444,58,468,0,514
straight,195,373,86,443,52,480,0,528
straight,200,371,88,438,54,462,0,523
straight,199,505,88,446,53,472,0,505
straight,199,515,94,432,52,456,-1,502
straight,199,641,86,430,51,454,-1,500
straight,203,641,88,426,54,464,-1,512
straight,202,641,85,426,50,451,-1,496
straight,200,641,83,426,48,464,-1,496
straight,194,641,80,438,44,464,-1,496
straight,198,641,81,436,45,461,-1,494
straight,199,641,82,422,46,457,-1,490
straight,199,641,82,422,46,456,-1,505
straight,200,641,82,433,46,442,-1,503
straight,201,641,84,420,48,440,-1,501
straight,201,641,83,420,47,440,-1,484
straight,197,641,79,420,43,454,-1,484
straight,199,641,80,419,43,452,-1,481
straight,198,641,78,418,42,452,-1,479
straight,197,641,77,429,40,438,-1,477
straight,196,641,75,428,38,438,-1,492
straight,192,641,72,418,36,438,-1,476
straight,168,641,75,416,39,450,-1,476
straight,171,357,78,426,41,435,-1,474
straight,172,359,77,416,40,436,-1,491
straight,167,361,75,417,39,437,-1,492
straight,160,362,76,429,38,450,-1,492
straight,168,534,74,418,38,451,-1,491
straight,162,544,72,418,36,438,-1,476
straight,164,547,72,419,35,438,-1,491
straight,160,549,69,420,33,438,-1,476
straight,162,641,70,430,34,438,-1,474
straight,147,641,70,430,34,438,-1,491
straight,143,641,67,420,31,453,-1,475
straight,140,641,71,421,33,438,-1,474
straight,145,641,71,555,32,438,-1,474
straight,125,641,75,641,34,449,-1,472
straight,156,641,80,641,37,434,-1,471
straight,152,641,79,641,37,438,-1,487
straight,148,641,77,641,34,454,-1,472
straight,143,641,74,641,33,641,-1,489
straight,145,641,78,641,36,641,-1,470
straight,139,641,77,641,35,641,-1,472
straight,141,641,77,641,35,641,-1,472
straight,144,641,79,641,36,641,-1,483
straight,140,641,79,641,36,641,-1,479
straight,143,641,80,641,39,641,-1,641
straight,147,641,84,641,42,641,-1,641
straight,142,641,82,641,41,641,-1,641
straight,138,641,80,641,40,641,-1,641
straight,145,641,84,641,43,641,-1,641
straight,142,641,83,641,43,641,-1,641
straight,142,641,82,641,43,641,-1,641
straight,144,641,84,641,45,641,-1,641
straight,147,641,87,641,48,641,-1,641
right,155,641,91,641,53,641,-1,641
right,154,641,91,641,53,641,-1,641
right,155,641,93,584,55,641,-1,641
right,150,641,90,415,52,641,-1,641
right,129,641,88,376,46,641,-1,641
right,123,641,10,418,30,641,-1,641
right,109,641,1,567,20,641,-1,641
right,75,641,-1,474,154,641,-1,641
right,47,641,-1,425,169,641,-1,641
right,-1,641,-1,374,186,641,-1,641
right,-1,641,-1,363,210,641,-1,641
right,-1,641,-1,347,254,641,4,641
right,-1,641,-1,332,229,641,35,641
right,-1,641,313,333,225,641,54,641
right,-1,641,300,320,224,641,71,641
right,-1,641,286,641,218,641,105,641
right,-1,641,260,641,200,641,85,641
straight,-1,424,233,641,179,639,77,641
straight,-1,373,214,641,165,596,71,620
straight,319,344,212,641,146,578,77,586
straight,310,641,176,641,135,534,54,560
straight,-1,641,171,641,132,538,53,556
straight,-1,641,170,641,134,519,57,552
straight,-1,641,166,641,130,522,57,554
right,-1,641,180,641,132,641,61,555
right,-1,641,164,641,127,641,59,555
right,-1,641,164,641,127,641,61,554
straight,-1,641,176,641,124,641,59,546
straight,-1,641,160,641,104,641,58,535
straight,-1,641,134,641,102,641,23,509
straight,-1,641,99,641,67,641,7,641
straight,-1,641,96,641,64,641,3,641
straight,-1,641,94,641,61,641,1,641
straight,-1,641,85,641,53,641,6,641
straight,-1,641,83,641,51,641,4,641
straight,-1,641,85,641,53,641,4,641
straight,-1,641,84,641,53,641,3,641
straight,-1,641,88,641,57,641,6,641
straight,-1,641,89,641,57,641,6,641
right,-1,641,89,320,56,641,4,641
right,-1,641,83,514,49,641,0,641
right,-1,641,-1,584,46,641,-1,641
right,-1,641,-1,639,50,641,-1,641
right,-1,641,-1,608,285,641,-1,641
right,-1,641,-1,507,232,320,-1,641
right,-1,641,-1,454,275,320,0,641
right,-1,641,-1,418,280,320,62,641
right,-1,639,-1,396,285,320,112,641
right,-1,641,-1,359,270,641,99,641
right,-1,641,-1,329,255,641,111,641
right,-1,508,312,333,248,641,119,641
right,-1,641,284,523,232,641,120,641
right,-1,436,262,500,236,641,112,641
right,-1,369,256,488,210,641,100,641
right,-1,330,206,468,166,641,86,641
right,313,641,181,422,162,641,72,641
right,276,641,265,462,138,641,55,641
right,177,580,123,472,92,641,31,641
right,155,542,97,364,65,641,14,641
right,123,501,77,382,36,641,0,641
right,-1,467,27,377,120,641,-1,641
right,37,410,0,641,161,641,-1,641
right,-1,616,-1,641,212,641,-1,641
straight,115,368,-1,641,218,641,21,641
straight,291,636,-1,632,226,641,64,641
straight,262,593,-1,611,-1,641,56,641
straight,227,482,-1,569,-1,641,81,641
straight,179,440,-1,550,-1,641,107,641
straight,191,534,-1,556,-1,641,146,641
straight,172,472,-1,529,-1,639,143,641
straight,150,430,-1,524,-1,637,-1,641
straight,130,451,-1,496,-1,587,-1,641
straight,117,406,-1,473,-1,562,-1,641
straight,107,425,-1,456,-1,544,-1,641
straight,91,388,-1,436,-1,540,-1,641
straight,76,404,0,373,-1,503,-1,641
straight,47,364,10,345,-1,471,-1,639
left,307,349,26,341,-1,410,-1,602
left,292,332,18,320,-1,385,-1,590
left,310,357,18,641,-1,389,-1,539
left,310,344,44,641,-1,338,-1,502
left,317,372,268,641,-1,340,-1,487
left,319,325,84,641,-1,345,-1,476
left,134,389,82,320,-1,360,-1,477
left,197,435,86,354,-1,403,-1,486
left,219,440,117,354,-1,400,-1,492
left,255,465,140,378,-1,440,-1,523
left,32,512,161,406,-1,448,-1,525
left,319,591,120,462,-1,492,-1,555
left,-1,601,219,475,-1,510,-1,577
left,-1,626,179,528,-1,548,-1,616
left,156,633,226,535,-1,566,-1,627
left,178,641,239,581,-1,479,-1,641
left,193,641,280,629,-1,439,-1,641
left,-1,641,-1,641,-1,406,-1,641
left,274,597,-1,641,-1,393,-1,633
left,304,594,3,641,-1,394,-1,596
straight,315,320,3,641,-1,408,-1,606
straight,-1,357,8,641,-1,641,-1,559
straight,-1,397,13,641,-1,641,-1,554
straight,-1,487,70,641,-1,641,-1,531
straight,-1,488,64,641,-1,641,-1,540
straight,-1,505,84,641,-1,641,-1,641
straight,-1,508,95,641,-1,641,-1,641
straight,-1,517,139,641,0,641,-1,641
straight,-1,534,142,641,40,641,-1,641
straight,-1,535,150,641,31,641,-1,641
straight,-1,556,178,641,61,641,-1,641
straight,-1,569,205,641,90,641,-1,641
right,-1,587,234,641,128,641,-1,641
right,-1,589,262,641,153,641,-1,641
right,-1,582,278,641,174,641,0,641
right,-1,581,294,639,223,641,25,641
right,-1,540,292,604,235,641,56,641
right,-1,468,264,618,197,641,59,641
right,-1,453,254,554,194,641,71,641
right,-1,419,128,524,188,641,72,641
right,-1,343,200,539,148,641,55,641
right,311,320,175,513,147,641,47,641
right,287,449,163,491,121,641,38,641
right,250,403,126,440,92,641,15,641
right,28,364,91,320,70,641,0,641
right,156,503,206,378,22,641,-1,641
right,143,461,39,339,8,641,-1,641
straight,244,421,2,641,172,641,-1,641
straight,198,632,-1,641,205,641,-1,641
straight,307,368,-1,639,170,641,-1,641
straight,307,623,-1,613,194,641,0,641
straight,288,559,-1,596,-1,641,22,641
straight,289,588,-1,597,-1,641,61,641
straight,74,533,-1,570,-1,641,101,641
straight,259,534,-1,546,-1,639,129,641
straight,257,553,-1,552,-1,628,-1,641
straight,237,503,-1,533,-1,624,-1,641
straight,22,512,-1,493,-1,585,-1,641
straight,196,466,-1,463,-1,573,-1,641
straight,199,461,-1,452,-1,558,-1,641
straight,189,456,-1,457,-1,539,-1,641
straight,167,467,-1,406,-1,485,-1,639
straight,160,423,0,388,-1,466,-1,625
left,145,434,14,366,-1,469,-1,593
left,132,434,30,344,-1,417,-1,562
left,127,384,31,354,-1,425,-1,538
left,126,368,52,323,-1,389,-1,516
left,169,395,80,358,-1,400,-1,515
left,188,398,125,350,-1,405,-1,513
left,74,458,118,377,-1,428,-1,531
left,279,491,113,425,-1,471,-1,543
left,295,496,152,422,-1,466,-1,550
left,158,544,116,464,-1,496,-1,588
left,210,580,212,483,-1,523,-1,600
left,256,638,182,320,-1,555,-1,629
left,271,639,211,331,-1,592,-1,639
left,310,320,277,588,-1,627,-1,641
left,201,363,300,628,-1,424,-1,641
left,250,411,313,320,-1,395,-1,641
left,263,433,0,348,-1,394,-1,639
straight,44,619,2,387,-1,400,-1,611
straight,79,320,24,448,-1,416,-1,573
straight,134,385,33,504,-1,469,-1,555
straight,174,456,81,574,-1,534,-1,529
straight,161,465,78,597,-1,584,-1,508
straight,187,459,81,638,-1,589,-1,538
straight,155,461,94,639,0,638,-1,589
straight,135,463,130,641,19,639,-1,583
straight,184,488,141,641,33,641,-1,615
straight,181,496,154,641,69,641,-1,639
straight,157,507,182,641,83,641,-1,641
straight,155,509,196,641,100,641,-1,641
straight,145,513,214,641,118,641,-1,641
straight,-1,520,232,641,140,641,-1,641
straight,-1,525,247,641,160,641,17,641
straight,-1,538,271,641,187,641,33,641
right,-1,543,294,320,213,641,82,641
right,-1,531,298,322,222,641,78,641
right,-1,535,313,334,243,641,106,641
right,-1,503,306,327,240,641,115,641
right,-1,472,294,320,238,641,124,641
right,-1,637,296,641,218,641,119,641
straight,-1,641,237,625,192,639,105,641
straight,-1,641,211,579,172,602,112,639
straight,-1,641,208,546,146,569,74,616
straight,279,641,169,512,134,538,64,588
straight,269,641,160,511,125,537,59,589
straight,252,641,147,514,114,552,49,591
straight,246,641,145,510,112,535,49,588
straight,242,641,140,519,108,531,44,583
straight,239,641,139,497,106,524,43,578
straight,231,641,144,497,96,524,35,576
straight,221,641,126,490,93,534,32,586
straight,225,641,130,476,96,504,35,558
straight,217,641,120,474,88,502,26,556
straight,213,641,117,466,86,494,24,548
straight,212,641,110,464,79,492,18,548
straight,201,641,105,474,75,504,15,540
straight,-1,641,110,450,80,478,18,534
straight,-1,545,106,450,75,478,15,532
straight,-1,553,103,449,73,477,12,530
straight,-1,556,100,448,68,476,9,546
straight,-1,641,98,446,65,488,6,526
straight,-1,641,90,444,58,485,13,540
straight,-1,641,93,448,61,464,2,516
straight,-1,641,104,641,71,460,11,511
straight,-1,641,93,641,60,465,0,532
straight,-1,641,76,641,44,468,0,513
straight,-1,641,80,641,46,641,0,506
straight,-1,641,80,641,47,641,0,503
straight,-1,641,74,641,41,641,-1,500
straight,-1,641,74,641,40,641,-1,506
straight,-1,641,76,641,42,641,-1,641
straight,-1,641,75,641,40,641,-1,641
straight,-1,641,75,641,41,641,-1,641
straight,-1,641,74,641,39,641,-1,641
straight,-1,641,71,641,36,641,-1,641
straight,-1,641,65,641,29,641,-1,641
straight,-1,641,61,641,25,641,-1,641
right,-1,641,61,641,25,641,-1,641
straight,-1,641,182,320,24,641,-1,641
straight,-1,641,307,438,9,641,-1,641
straight,-1,641,-1,532,8,641,-1,641
straight,-1,641,-1,514,285,641,-1,641
straight,-1,641,-1,570,297,359,-1,641
right,-1,641,-1,593,319,326,-1,641
right,-1,641,-1,625,-1,412,8,641
right,-1,641,-1,639,-1,464,121,641
right,-1,641,-1,639,-1,486,179,641
right,-1,641,-1,608,-1,469,277,641
right,-1,641,-1,511,-1,427,283,641
right,-1,641,-1,465,-1,392,250,641
right,-1,641,-1,422,-1,361,242,641
right,-1,641,-1,385,-1,329,231,641
right,-1,621,-1,352,304,320,219,641
right,-1,532,319,324,283,641,208,641
straight,-1,636,300,641,259,641,193,641
straight,-1,576,260,641,230,641,172,641
straight,-1,514,233,641,209,620,155,641
straight,-1,480,220,641,193,615,142,641
straight,319,474,212,641,184,641,153,641
straight,319,461,217,641,191,641,147,641
straight,319,462,208,641,185,641,124,641
straight,318,456,200,641,165,641,117,641
straight,318,458,182,641,160,641,112,641
straight,314,454,180,641,157,641,109,641
straight,306,454,185,641,163,641,120,641
straight,309,448,178,641,145,641,105,641
straight,313,448,172,641,140,641,109,641
right,319,456,162,641,150,641,97,641
right,315,457,160,641,138,641,95,641
right,315,458,151,641,137,641,88,641
right,311,454,148,641,125,641,80,641
right,274,436,-1,641,98,641,57,641
right,305,388,-1,641,-1,641,-1,641
right,319,342,150,641,-1,641,-1,641
right,288,320,197,641,-1,641,-1,641
straight,256,320,222,641,91,641,-1,641
straight,208,320,143,641,91,641,-1,641
straight,185,320,175,641,83,641,-1,641
straight,198,320,151,641,111,641,-1,641
straight,198,476,181,641,129,641,-1,641
straight,230,478,204,641,126,641,-1,641
straight,232,474,210,641,130,641,0,641
right,305,320,217,641,150,641,30,641
right,302,486,239,641,171,641,43,641
right,299,489,255,641,192,641,-1,641
right,310,328,260,641,195,641,-1,641
right,285,439,239,641,184,641,-1,641
right,255,413,230,641,175,641,-1,641
straight,315,365,207,639,162,641,-1,641
straight,313,331,218,605,152,622,-1,639
straight,303,320,194,578,129,597,31,630
straight,274,641,182,552,136,574,36,608
straight,303,479,179,546,134,569,28,606
straight,290,475,172,532,130,566,12,604
straight,285,468,162,539,130,552,30,603
straight,279,470,158,541,127,563,25,593
straight,271,472,161,532,116,563,6,607
straight,275,464,167,526,129,548,55,601
straight,279,456,168,522,130,554,55,602
straight,268,460,151,526,117,558,52,606
straight,267,454,162,524,126,556,56,604
straight,270,452,153,520,127,542,54,602
straight,266,448,154,521,128,554,59,592
straight,268,452,163,532,127,544,58,601
straight,267,450,166,522,131,544,61,600
straight,271,444,172,521,135,554,58,600
straight,277,441,176,528,129,542,71,600
straight,276,442,175,522,140,556,66,590
straight,275,448,174,524,139,558,71,605
straight,274,445,167,534,142,560,73,607
straight,277,445,177,526,143,562,65,609
straight,278,444,171,524,147,562,67,610
straight,278,447,183,526,138,564,70,600
straight,284,446,188,534,155,563,87,613
straight,286,447,180,528,146,566,88,616
straight,284,453,189,533,156,570,89,622
right,282,455,188,536,156,573,89,612
right,284,456,182,536,148,564,93,628
straight,284,455,190,538,158,566,84,631
straight,286,456,191,538,160,566,96,630
straight,217,449,187,525,148,569,81,616
straight,212,440,155,572,120,554,70,607
straight,246,415,150,514,130,543,73,602
straight,243,410,148,500,128,540,61,586
straight,240,407,144,498,113,527,66,597
straight,233,412,138,498,108,528,62,597
straight,230,410,137,494,106,524,61,594
straight,229,403,136,489,106,542,60,590
straight,200,402,130,488,99,530,45,588
straight,219,398,128,494,96,526,51,572
straight,218,391,124,480,92,510,45,580
straight,210,389,118,477,96,506,31,564
straight,205,386,111,476,81,504,25,574
straight,199,382,108,470,78,510,23,558
straight,200,376,109,465,79,504,22,565
straight,200,375,108,460,78,500,20,558
straight,202,367,108,453,78,483,20,553
straight,197,363,103,461,73,480,24,550
straight,194,360,100,446,70,486,22,544
straight,191,353,97,440,67,470,18,525
straight,185,356,90,438,60,466,11,535
straight,184,350,90,442,60,460,3,514
straight,176,340,102,422,64,463,14,508
straight,174,342,91,424,60,452,10,507
straight,185,347,85,425,54,453,3,506
straight,176,352,79,438,48,467,0,522
straight,179,348,80,425,49,452,0,519
left,178,348,77,424,47,463,-1,502
straight,179,348,77,424,47,450,0,502
straight,179,349,75,435,45,450,-1,500
straight,180,352,74,424,43,447,-1,497
straight,184,354,78,435,47,468,-1,504
straight,172,356,95,428,60,451,0,512
straight,187,353,95,435,57,451,0,497
straight,199,357,92,429,55,454,0,499
straight,170,362,87,434,51,458,-1,503
straight,183,374,75,438,40,462,-1,519
straight,188,366,79,434,44,458,-1,500
straight,188,365,87,442,46,454,-1,497
straight,189,362,80,429,46,452,-1,510
straight,188,362,79,428,45,452,-1,497
straight,189,361,80,426,45,448,-1,494
straight,193,358,81,422,46,446,-1,492
straight,192,359,80,422,44,445,-1,490
straight,190,359,85,421,42,444,-1,488
straight,189,359,76,431,40,444,-1,488
straight,185,358,73,420,38,454,-1,500
straight,186,359,73,416,37,450,-1,482
straight,189,357,73,425,37,434,-1,480
straight,188,354,74,412,44,432,-1,476
straight,183,352,74,412,32,433,-1,475
straight,184,352,66,413,30,446,-1,475
straight,176,358,61,414,25,432,-1,474
straight,179,352,62,411,27,431,-1,469
left,181,355,64,410,28,442,-1,466
straight,182,349,63,403,28,426,-1,464
straight,182,348,60,426,32,438,-1,463
straight,179,348,57,419,22,424,-1,464
straight,176,357,55,422,19,428,-1,480
straight,156,354,69,421,27,442,-1,478
straight,187,354,64,418,32,412,-1,462
straight,185,351,62,419,23,426,-1,461
straight,184,356,60,408,21,427,-1,477
straight,181,356,59,410,20,428,-1,462
straight,184,359,62,421,22,428,-1,462
left,186,356,63,421,24,440,-1,463
straight,186,358,61,411,28,443,-1,446
straight,179,361,57,413,18,444,-1,466
straight,185,360,60,412,21,430,-1,466
straight,187,365,62,428,24,447,-1,468
straight,196,367,70,414,37,444,-1,466
straight,195,362,69,412,29,430,-1,478
straight,169,366,70,414,25,444,-1,480
straight,183,370,59,427,20,432,-1,466
straight,185,364,66,426,21,432,-1,465
straight,188,364,63,425,24,430,-1,478
straight,189,363,64,424,24,430,-1,462
straight,190,365,65,423,25,428,-1,476
straight,198,528,67,408,27,426,-1,459
straight,194,512,64,421,24,426,-1,460
straight,188,519,61,410,21,427,-1,460
straight,184,518,58,411,19,428,-1,475
straight,190,641,60,409,21,427,-1,459
straight,188,641,59,420,19,427,-1,460
straight,167,641,61,408,21,426,-1,458
straight,194,641,64,408,23,426,-1,458
straight,191,641,62,410,27,426,-1,460
left,191,641,61,409,20,425,-1,458
straight,164,641,64,419,24,422,-1,456
straight,200,641,67,406,33,420,-1,454
straight,196,641,64,419,30,422,-1,471
straight,171,641,65,413,24,428,-1,475
straight,172,641,74,418,34,432,-1,462
straight,215,641,80,420,46,435,-1,464
straight,212,641,76,437,34,440,-1,468
straight,207,641,72,430,31,445,-1,472
straight,211,641,78,432,36,461,-1,475
straight,213,641,79,434,37,461,-1,476
straight,215,641,82,433,41,448,-1,476
straight,221,605,87,432,45,461,-1,478
straight,219,622,84,436,43,464,-1,480
straight,216,641,81,438,40,467,-1,500
straight,214,641,81,450,48,454,-1,500
straight,185,393,87,438,46,466,-1,484
straight,190,641,90,450,48,454,-1,484
straight,196,641,93,451,60,456,-1,486
straight,190,641,101,440,60,456,-1,502
straight,189,641,101,442,60,458,-1,490
straight,191,641,98,551,58,462,-1,492
pause,187,641,95,464,56,465,-1,495
pause,193,641,97,454,58,479,-1,497
pause,183,641,99,641,58,467,-1,514
pause,180,641,96,641,56,482,-1,517
pause,177,641,94,641,52,473,-1,506
pause,174,641,91,641,51,477,-1,508
pause,178,641,97,641,56,476,-1,522
pause,181,641,103,641,61,540,-1,520
pause,185,641,105,641,62,525,-1,518
pause,189,641,106,641,63,520,-1,519
pause,171,641,102,641,60,545,-1,504
pause,186,641,104,641,61,540,-1,504
pause,185,641,99,641,57,476,-1,506
pause,176,641,96,641,55,476,-1,523
pause,183,641,97,641,56,476,-1,507
pause,178,641,100,641,58,573,-1,506
pause,180,641,105,641,63,526,-1,503
pause,192,641,106,641,63,514,-1,518
pause,177,641,108,641,59,572,-1,506
pause,184,641,94,641,53,476,-1,508
pause,186,641,95,641,54,476,-1,507
pause,196,641,98,641,57,476,-1,506
pause,165,641,97,641,56,475,-1,506
pause,167,641,94,641,53,476,-1,507
pause,173,641,96,641,55,476,-1,522
pause,178,641,100,641,59,569,-1,521
pause,181,641,104,641,61,542,-1,504
pause,173,641,99,641,57,476,-1,506
pause,175,641,91,641,50,477,-1,525
pause,178,641,90,641,49,490,-1,525
pause,186,641,92,641,51,476,-1,508
pause,184,641,90,641,50,490,-1,509
pause,179,641,90,641,50,490,-1,509
pause,181,641,91,641,50,490,-1,508
pause,171,641,90,641,50,490,-1,525
pause,183,641,90,641,50,490,-1,508
pause,178,641,89,641,49,478,-1,525
pause,180,641,86,641,47,478,-1,510
pause,179,641,85,641,45,492,-1,510
pause,176,641,84,641,44,479,-1,510
pause,183,641,84,641,44,493,-1,510
pause,184,641,84,641,44,493,-1,510
pause,177,641,84,641,44,479,-1,510
pause,178,641,84,641,44,479,-1,510
pause,183,641,84,641,44,493,-1,510
pause,187,641,84,641,44,493,-1,510
pause,178,641,84,641,52,479,-1,510
pause,182,641,84,641,44,493,-1,510
pause,176,641,84,641,44,493,-1,510
pause,178,641,84,641,44,479,-1,510
pause,177,641,84,641,44,479,-1,510
pause,178,641,84,641,44,493,-1,510
pause,180,641,84,641,44,493,-1,510
pause,185,641,91,641,44,493,-1,510
pause,185,641,91,641,44,493,-1,510
pause,170,641,84,641,44,492,-1,510
pause,177,641,84,641,44,493,-1,510
pause,176,641,92,641,44,493,-1,510
pause,175,641,84,641,44,493,-1,510
pause,184,641,84,641,44,493,-1,510
pause,186,641,84,641,44,493,-1,510
pause,178,641,84,641,44,493,-1,510
pause,181,641,84,641,44,493,-1,510
